{
  "frame_convention": "T_A_B maps B-frame points into frame A",
  "world_and_base_frames_coincident": false,
  "T_base_world": [
    [
      -1.0,
      0.0,
      -0.0,
      0.0
    ],
    [
      0.0,
      -1.0,
      0.0,
      0.0
    ],
    [
      0.0,
      -0.0,
      1.0,
      0.0
    ],
    [
      0.0,
      0.0,
      0.0,
      1.0
    ]
  ],
  "random_position_summary": {
    "samples": 20,
    "hsv_detection_success_rate": 1.0,
    "localization_success_rate": 1.0,
    "xyz_mae_m": [
      9.381392354758656e-05,
      0.00011721671964201536,
      9.277017141068322e-07
    ],
    "error_3d_mean_m": 0.00016207736873409876,
    "error_3d_median_m": 0.00010776753302494977,
    "error_3d_max_m": 0.0005214696344068786,
    "failure_reason_counts": {}
  },
  "multi_pose_summary": {
    "samples": 5,
    "hsv_detection_success_rate": 1.0,
    "localization_success_rate": 1.0,
    "xyz_mae_m": [
      7.450862464501995e-05,
      8.515141366522428e-05,
      3.031359857574856e-08
    ],
    "error_3d_mean_m": 0.00011935225078424635,
    "error_3d_median_m": 0.0001001526889775665,
    "error_3d_max_m": 0.00019512419843478434,
    "failure_reason_counts": {},
    "estimate_std_xyz_m": [
      9.237739853191759e-05,
      9.486620047499862e-05,
      3.8911730919702244e-08
    ],
    "max_inter_pose_distance_m": 0.00037298332456884756,
    "pure_transform_consistency_max_m": 1.2456232622454378e-16
  },
  "random_position_records": [
    {
      "group": "random_position",
      "index": 0,
      "valid": true,
      "hsv_detected": true,
      "failure_reason": null,
      "camera_world_position": [
        0.32346310042455556,
        -0.02244528097083412,
        0.4044703078312602
      ],
      "camera_world_rotation_optical": [
        [
          0.9999109161618429,
          -0.0002438794713360446,
          -0.013345421056940882
        ],
        [
          -0.00016774100682776817,
          -0.9999837063835046,
          0.005706034565526054
        ],
        [
          -0.013346595196461478,
          -0.00570328767570167,
          -0.9998946649054339
        ]
      ],
      "estimated_object_center_color": [
        -0.006491623541681012,
        0.00891302967261857,
        0.08951377013656443
      ],
      "estimated_object_center_base": [
        -0.3157752825237843,
        0.030846307840006772,
        0.31500177413543173
      ],
      "truth_object_center_world_test_only": [
        0.31601277531062044,
        -0.031249632740620772,
        0.315
      ],
      "truth_object_center_base_test_only": [
        -0.31601277531062044,
        0.031249632740620772,
        0.315
      ],
      "error_xyz_base_m_test_only": [
        0.0002374927868361576,
        -0.0004033249006140001,
        1.7741354317313274e-06
      ],
      "error_3d_m_test_only": 0.0004680565636875823
    },
    {
      "group": "random_position",
      "index": 1,
      "valid": true,
      "hsv_detected": true,
      "failure_reason": null,
      "camera_world_position": [
        0.32346310042455556,
        -0.02244528097083412,
        0.4044703078312602
      ],
      "camera_world_rotation_optical": [
        [
          0.9999109161618429,
          -0.0002438794713360446,
          -0.013345421056940882
        ],
        [
          -0.00016774100682776817,
          -0.9999837063835046,
          0.005706034565526054
        ],
        [
          -0.013346595196461478,
          -0.00570328767570167,
          -0.9998946649054339
        ]
      ],
      "estimated_object_center_color": [
        -0.028711711679134524,
        -0.00718846068455425,
        0.08990324178668803
      ],
      "estimated_object_center_base": [
        -0.29355590299686163,
        0.01473913027568896,
        0.31500073746345597
      ],
      "truth_object_center_world_test_only": [
        0.29363683263477647,
        -0.01473634791737659,
        0.315
      ],
      "truth_object_center_base_test_only": [
        -0.29363683263477647,
        0.01473634791737659,
        0.315
      ],
      "error_xyz_base_m_test_only": [
        8.092963791483943e-05,
        2.782358312370878e-06,
        7.37463455968701e-07
      ],
      "error_3d_m_test_only": 8.098081046244427e-05
    },
    {
      "group": "random_position",
      "index": 2,
      "valid": true,
      "hsv_detected": true,
      "failure_reason": null,
      "camera_world_position": [
        0.32346310042455556,
        -0.02244528097083412,
        0.4044703078312602
      ],
      "camera_world_rotation_optical": [
        [
          0.9999109161618429,
          -0.0002438794713360446,
          -0.013345421056940882
        ],
        [
          -0.00016774100682776817,
          -0.9999837063835046,
          0.005706034565526054
        ],
        [
          -0.013346595196461478,
          -0.00570328767570167,
          -0.9998946649054339
        ]
      ],
      "estimated_object_center_color": [
        -0.0166639532895272,
        0.0013535196376219505,
        0.08969387302133387
      ],
      "estimated_object_center_base": [
        -0.3056032990265951,
        0.023284186986648022,
        0.31500057024958306
      ],
      "truth_object_center_world_test_only": [
        0.30565566153034224,
        -0.023400750638271905,
        0.315
      ],
      "truth_object_center_base_test_only": [
        -0.30565566153034224,
        0.023400750638271905,
        0.315
      ],
      "error_xyz_base_m_test_only": [
        5.236250374712759e-05,
        -0.00011656365162388341,
        5.702495830539611e-07
      ],
      "error_3d_m_test_only": 0.0001277859220068822
    },
    {
      "group": "random_position",
      "index": 3,
      "valid": true,
      "hsv_detected": true,
      "failure_reason": null,
      "camera_world_position": [
        0.32346310042455556,
        -0.02244528097083412,
        0.4044703078312602
      ],
      "camera_world_rotation_optical": [
        [
          0.9999109161618429,
          -0.0002438794713360446,
          -0.013345421056940882
        ],
        [
          -0.00016774100682776817,
          -0.9999837063835046,
          0.005706034565526054
        ],
        [
          -0.013346595196461478,
          -0.00570328767570167,
          -0.9998946649054339
        ]
      ],
      "estimated_object_center_color": [
        -0.006010410020684863,
        0.007298965788768663,
        0.08951599040958232
      ],
      "estimated_object_center_base": [
        -0.3162568171830014,
        0.029232338305380714,
        0.31500233700487523
      ],
      "truth_object_center_world_test_only": [
        0.3165679451896252,
        -0.02942314193225166,
        0.315
      ],
      "truth_object_center_base_test_only": [
        -0.3165679451896252,
        0.02942314193225166,
        0.315
      ],
      "error_xyz_base_m_test_only": [
        0.00031112800662380646,
        -0.00019080362687094732,
        2.337004875230253e-06
      ],
      "error_3d_m_test_only": 0.00036498235864846663
    },
    {
      "group": "random_position",
      "index": 4,
      "valid": true,
      "hsv_detected": true,
      "failure_reason": null,
      "camera_world_position": [
        0.32346310042455556,
        -0.02244528097083412,
        0.4044703078312602
      ],
      "camera_world_rotation_optical": [
        [
          0.9999109161618429,
          -0.0002438794713360446,
          -0.013345421056940882
        ],
        [
          -0.00016774100682776817,
          -0.9999837063835046,
          0.005706034565526054
        ],
        [
          -0.013346595196461478,
          -0.00570328767570167,
          -0.9998946649054339
        ]
      ],
      "estimated_object_center_color": [
        -0.033802400999808364,
        0.002045441710987295,
        0.08991878369781321
      ],
      "estimated_object_center_base": [
        -0.2884632078017487,
        0.023971939617531926,
        0.31500047695734235
      ],
      "truth_object_center_world_test_only": [
        0.28846759748567896,
        -0.02391509106934079,
        0.315
      ],
      "truth_object_center_base_test_only": [
        -0.28846759748567896,
        0.02391509106934079,
        0.315
      ],
      "error_xyz_base_m_test_only": [
        4.389683930239308e-06,
        5.684854819113655e-05,
        4.769573423435425e-07
      ],
      "error_3d_m_test_only": 5.7019770648028666e-05
    },
    {
      "group": "random_position",
      "index": 5,
      "valid": true,
      "hsv_detected": true,
      "failure_reason": null,
      "camera_world_position": [
        0.32346310042455556,
        -0.02244528097083412,
        0.4044703078312602
      ],
      "camera_world_rotation_optical": [
        [
          0.9999109161618429,
          -0.0002438794713360446,
          -0.013345421056940882
        ],
        [
          -0.00016774100682776817,
          -0.9999837063835046,
          0.005706034565526054
        ],
        [
          -0.013346595196461478,
          -0.00570328767570167,
          -0.9998946649054339
        ]
      ],
      "estimated_object_center_color": [
        -0.021274497397363736,
        -0.0002593960527146376,
        0.08976462000939196
      ],
      "estimated_object_center_base": [
        -0.3009926148524054,
        0.021670120514471196,
        0.31500056470168697
      ],
      "truth_object_center_world_test_only": [
        0.30099751075003617,
        -0.021714485277570042,
        0.315
      ],
      "truth_object_center_base_test_only": [
        -0.30099751075003617,
        0.021714485277570042,
        0.315
      ],
      "error_xyz_base_m_test_only": [
        4.895897630752266e-06,
        -4.436476309884613e-05,
        5.647016869669841e-07
      ],
      "error_3d_m_test_only": 4.463766242113052e-05
    },
    {
      "group": "random_position",
      "index": 6,
      "valid": true,
      "hsv_detected": true,
      "failure_reason": null,
      "camera_world_position": [
        0.32346310042455556,
        -0.02244528097083412,
        0.4044703078312602
      ],
      "camera_world_rotation_optical": [
        [
          0.9999109161618429,
          -0.0002438794713360446,
          -0.013345421056940882
        ],
        [
          -0.00016774100682776817,
          -0.9999837063835046,
          0.005706034565526054
        ],
        [
          -0.013346595196461478,
          -0.00570328767570167,
          -0.9998946649054339
        ]
      ],
      "estimated_object_center_color": [
        -0.007179476572749755,
        0.00708550453862977,
        0.08953308204147166
      ],
      "estimated_object_center_base": [
        -0.31508767873966476,
        0.029018586907454735,
        0.31500206766227984
      ],
      "truth_object_center_world_test_only": [
        0.3154696604591596,
        -0.029373574611964222,
        0.315
      ],
      "truth_object_center_base_test_only": [
        -0.3154696604591596,
        0.029373574611964222,
        0.315
      ],
      "error_xyz_base_m_test_only": [
        0.0003819817194948283,
        -0.0003549877045094865,
        2.0676622798365685e-06
      ],
      "error_3d_m_test_only": 0.0005214696344068786
    },
    {
      "group": "random_position",
      "index": 7,
      "valid": true,
      "hsv_detected": true,
      "failure_reason": null,
      "camera_world_position": [
        0.32346310042455556,
        -0.02244528097083412,
        0.4044703078312602
      ],
      "camera_world_rotation_optical": [
        [
          0.9999109161618429,
          -0.0002438794713360446,
          -0.013345421056940882
        ],
        [
          -0.00016774100682776817,
          -0.9999837063835046,
          0.005706034565526054
        ],
        [
          -0.013346595196461478,
          -0.00570328767570167,
          -0.9998946649054339
        ]
      ],
      "estimated_object_center_color": [
        -0.018928382067393643,
        0.008245948617609406,
        0.08968449646565264
      ],
      "estimated_object_center_base": [
        -0.3033375161848832,
        0.03017617732942869,
        0.31500085872657607
      ],
      "truth_object_center_world_test_only": [
        0.30333884269936906,
        -0.030243306801049325,
        0.315
      ],
      "truth_object_center_base_test_only": [
        -0.30333884269936906,
        0.030243306801049325,
        0.315
      ],
      "error_xyz_base_m_test_only": [
        1.3265144858665145e-06,
        -6.712947162063401e-05,
        8.587265760695573e-07
      ],
      "error_3d_m_test_only": 6.714806782089243e-05
    },
    {
      "group": "random_position",
      "index": 8,
      "valid": true,
      "hsv_detected": true,
      "failure_reason": null,
      "camera_world_position": [
        0.32346310042455556,
        -0.02244528097083412,
        0.4044703078312602
      ],
      "camera_world_rotation_optical": [
        [
          0.9999109161618429,
          -0.0002438794713360446,
          -0.013345421056940882
        ],
        [
          -0.00016774100682776817,
          -0.9999837063835046,
          0.005706034565526054
        ],
        [
          -0.013346595196461478,
          -0.00570328767570167,
          -0.9998946649054339
        ]
      ],
      "estimated_object_center_color": [
        -0.02842456731448219,
        0.009635007499251431,
        0.08980347106191462
      ],
      "estimated_object_center_base": [
        -0.2938402503653964,
        0.03156294180544495,
        0.31500071620051745
      ],
      "truth_object_center_world_test_only": [
        0.29391679152586864,
        -0.03152003667648972,
        0.315
      ],
      "truth_object_center_base_test_only": [
        -0.29391679152586864,
        0.03152003667648972,
        0.315
      ],
      "error_xyz_base_m_test_only": [
        7.654116047223214e-05,
        4.290512895523124e-05,
        7.16200517447696e-07
      ],
      "error_3d_m_test_only": 8.774914404301734e-05
    },
    {
      "group": "random_position",
      "index": 9,
      "valid": true,
      "hsv_detected": true,
      "failure_reason": null,
      "camera_world_position": [
        0.32346310042455556,
        -0.02244528097083412,
        0.4044703078312602
      ],
      "camera_world_rotation_optical": [
        [
          0.9999109161618429,
          -0.0002438794713360446,
          -0.013345421056940882
        ],
        [
          -0.00016774100682776817,
          -0.9999837063835046,
          0.005706034565526054
        ],
        [
          -0.013346595196461478,
          -0.00570328767570167,
          -0.9998946649054339
        ]
      ],
      "estimated_object_center_color": [
        -0.014143471019904534,
        -0.0016377222420529613,
        0.0896778132948572
      ],
      "estimated_object_center_base": [
        -0.30812450058828333,
        0.02029350827070913,
        0.31500004834080175
      ],
      "truth_object_center_world_test_only": [
        0.30809416607449364,
        -0.02046384775236359,
        0.315
      ],
      "truth_object_center_base_test_only": [
        -0.30809416607449364,
        0.02046384775236359,
        0.315
      ],
      "error_xyz_base_m_test_only": [
        -3.0334513789698203e-05,
        -0.0001703394816544579,
        4.834080175042388e-08
      ],
      "error_3d_m_test_only": 0.00017301943264847418
    },
    {
      "group": "random_position",
      "index": 10,
      "valid": true,
      "hsv_detected": true,
      "failure_reason": null,
      "camera_world_position": [
        0.32346310042455556,
        -0.02244528097083412,
        0.4044703078312602
      ],
      "camera_world_rotation_optical": [
        [
          0.9999109161618429,
          -0.0002438794713360446,
          -0.013345421056940882
        ],
        [
          -0.00016774100682776817,
          -0.9999837063835046,
          0.005706034565526054
        ],
        [
          -0.013346595196461478,
          -0.00570328767570167,
          -0.9998946649054339
        ]
      ],
      "estimated_object_center_color": [
        -0.015275454982007879,
        -0.008555541984940115,
        0.08973166981670207
      ],
      "estimated_object_center_base": [
        -0.30699358584391706,
        0.01337530405681911,
        0.31500075993973214
      ],
      "truth_object_center_world_test_only": [
        0.30701050414922776,
        -0.013384788414361151,
        0.315
      ],
      "truth_object_center_base_test_only": [
        -0.30701050414922776,
        0.013384788414361151,
        0.315
      ],
      "error_xyz_base_m_test_only": [
        1.6918305310698045e-05,
        -9.484357542041688e-06,
        7.599397321422785e-07
      ],
      "error_3d_m_test_only": 1.9410296261720613e-05
    },
    {
      "group": "random_position",
      "index": 11,
      "valid": true,
      "hsv_detected": true,
      "failure_reason": null,
      "camera_world_position": [
        0.32346310042455556,
        -0.02244528097083412,
        0.4044703078312602
      ],
      "camera_world_rotation_optical": [
        [
          0.9999109161618429,
          -0.0002438794713360446,
          -0.013345421056940882
        ],
        [
          -0.00016774100682776817,
          -0.9999837063835046,
          0.005706034565526054
        ],
        [
          -0.013346595196461478,
          -0.00570328767570167,
          -0.9998946649054339
        ]
      ],
      "estimated_object_center_color": [
        -0.009235408659490376,
        0.006182239051759844,
        0.08956490347120112
      ],
      "estimated_object_center_base": [
        -0.31303172542077645,
        0.028114809699750085,
        0.31500284086069597
      ],
      "truth_object_center_world_test_only": [
        0.31330696781475853,
        -0.028415709463815816,
        0.315
      ],
      "truth_object_center_base_test_only": [
        -0.31330696781475853,
        0.028415709463815816,
        0.315
      ],
      "error_xyz_base_m_test_only": [
        0.00027524239398207806,
        -0.00030089976406573113,
        2.840860695962899e-06
      ],
      "error_3d_m_test_only": 0.00040780769236159833
    },
    {
      "group": "random_position",
      "index": 12,
      "valid": true,
      "hsv_detected": true,
      "failure_reason": null,
      "camera_world_position": [
        0.32346310042455556,
        -0.02244528097083412,
        0.4044703078312602
      ],
      "camera_world_rotation_optical": [
        [
          0.9999109161618429,
          -0.0002438794713360446,
          -0.013345421056940882
        ],
        [
          -0.00016774100682776817,
          -0.9999837063835046,
          0.005706034565526054
        ],
        [
          -0.013346595196461478,
          -0.00570328767570167,
          -0.9998946649054339
        ]
      ],
      "estimated_object_center_color": [
        -0.024999413685882266,
        -0.006492207611237877,
        0.0898497913214857
      ],
      "estimated_object_center_base": [
        -0.29726841380149266,
        0.015436299699329794,
        0.3150006648283117
      ],
      "truth_object_center_world_test_only": [
        0.2973230577660659,
        -0.015486107502296852,
        0.315
      ],
      "truth_object_center_base_test_only": [
        -0.2973230577660659,
        0.015486107502296852,
        0.315
      ],
      "error_xyz_base_m_test_only": [
        5.464396457321996e-05,
        -4.98078029670581e-05,
        6.648283116805764e-07
      ],
      "error_3d_m_test_only": 7.394066605981184e-05
    },
    {
      "group": "random_position",
      "index": 13,
      "valid": true,
      "hsv_detected": true,
      "failure_reason": null,
      "camera_world_position": [
        0.32346310042455556,
        -0.02244528097083412,
        0.4044703078312602
      ],
      "camera_world_rotation_optical": [
        [
          0.9999109161618429,
          -0.0002438794713360446,
          -0.013345421056940882
        ],
        [
          -0.00016774100682776817,
          -0.9999837063835046,
          0.005706034565526054
        ],
        [
          -0.013346595196461478,
          -0.00570328767570167,
          -0.9998946649054339
        ]
      ],
      "estimated_object_center_color": [
        -0.022187630867908693,
        -0.0004895956392450526,
        0.0897771407100851
      ],
      "estimated_object_center_base": [
        -0.30007945177422557,
        0.0214397000652459,
        0.31500154543711956
      ],
      "truth_object_center_world_test_only": [
        0.3000736978887917,
        -0.021579105001701893,
        0.315
      ],
      "truth_object_center_base_test_only": [
        -0.3000736978887917,
        0.021579105001701893,
        0.315
      ],
      "error_xyz_base_m_test_only": [
        -5.753885433890105e-06,
        -0.00013940493645599183,
        1.5454371195544603e-06
      ],
      "error_3d_m_test_only": 0.00013953218941081642
    },
    {
      "group": "random_position",
      "index": 14,
      "valid": true,
      "hsv_detected": true,
      "failure_reason": null,
      "camera_world_position": [
        0.32346310042455556,
        -0.02244528097083412,
        0.4044703078312602
      ],
      "camera_world_rotation_optical": [
        [
          0.9999109161618429,
          -0.0002438794713360446,
          -0.013345421056940882
        ],
        [
          -0.00016774100682776817,
          -0.9999837063835046,
          0.005706034565526054
        ],
        [
          -0.013346595196461478,
          -0.00570328767570167,
          -0.9998946649054339
        ]
      ],
      "estimated_object_center_color": [
        -0.031256965475401646,
        -0.005340998708288009,
        0.08992667386266535
      ],
      "estimated_object_center_base": [
        -0.2910101126726015,
        0.016586001502448385,
        0.31500074172066905
      ],
      "truth_object_center_world_test_only": [
        0.29114951612802265,
        -0.016638048884044538,
        0.315
      ],
      "truth_object_center_base_test_only": [
        -0.29114951612802265,
        0.016638048884044538,
        0.315
      ],
      "error_xyz_base_m_test_only": [
        0.00013940345542112764,
        -5.204738159615349e-05,
        7.417206690507605e-07
      ],
      "error_3d_m_test_only": 0.0001488045814614484
    },
    {
      "group": "random_position",
      "index": 15,
      "valid": true,
      "hsv_detected": true,
      "failure_reason": null,
      "camera_world_position": [
        0.32346310042455556,
        -0.02244528097083412,
        0.4044703078312602
      ],
      "camera_world_rotation_optical": [
        [
          0.9999109161618429,
          -0.0002438794713360446,
          -0.013345421056940882
        ],
        [
          -0.00016774100682776817,
          -0.9999837063835046,
          0.005706034565526054
        ],
        [
          -0.013346595196461478,
          -0.00570328767570167,
          -0.9998946649054339
        ]
      ],
      "estimated_object_center_color": [
        -0.017114201785597163,
        0.004581829420261661,
        0.08968135604593104
      ],
      "estimated_object_center_base": [
        -0.3051524703662133,
        0.026512440065604458,
        0.31500068321152724
      ],
      "truth_object_center_world_test_only": [
        0.3052215362135875,
        -0.02665422732100902,
        0.315
      ],
      "truth_object_center_base_test_only": [
        -0.3052215362135875,
        0.02665422732100902,
        0.315
      ],
      "error_xyz_base_m_test_only": [
        6.906584737420562e-05,
        -0.00014178725540456294,
        6.832115272414896e-07
      ],
      "error_3d_m_test_only": 0.00015771551555464282
    },
    {
      "group": "random_position",
      "index": 16,
      "valid": true,
      "hsv_detected": true,
      "failure_reason": null,
      "camera_world_position": [
        0.32346310042455556,
        -0.02244528097083412,
        0.4044703078312602
      ],
      "camera_world_rotation_optical": [
        [
          0.9999109161618429,
          -0.0002438794713360446,
          -0.013345421056940882
        ],
        [
          -0.00016774100682776817,
          -0.9999837063835046,
          0.005706034565526054
        ],
        [
          -0.013346595196461478,
          -0.00570328767570167,
          -0.9998946649054339
        ]
      ],
      "estimated_object_center_color": [
        -0.015983388020325857,
        -0.007874213804007187,
        0.08973832318517512
      ],
      "estimated_object_center_base": [
        -0.306285460917031,
        0.014056464422700853,
        0.3149996699571635
      ],
      "truth_object_center_world_test_only": [
        0.3063593243976752,
        -0.014039794108348935,
        0.315
      ],
      "truth_object_center_base_test_only": [
        -0.3063593243976752,
        0.014039794108348935,
        0.315
      ],
      "error_xyz_base_m_test_only": [
        7.386348064419845e-05,
        1.667031435191764e-05,
        -3.3004283650495125e-07
      ],
      "error_3d_m_test_only": 7.572200526756776e-05
    },
    {
      "group": "random_position",
      "index": 17,
      "valid": true,
      "hsv_detected": true,
      "failure_reason": null,
      "camera_world_position": [
        0.32346310042455556,
        -0.02244528097083412,
        0.4044703078312602
      ],
      "camera_world_rotation_optical": [
        [
          0.9999109161618429,
          -0.0002438794713360446,
          -0.013345421056940882
        ],
        [
          -0.00016774100682776817,
          -0.9999837063835046,
          0.005706034565526054
        ],
        [
          -0.013346595196461478,
          -0.00570328767570167,
          -0.9998946649054339
        ]
      ],
      "estimated_object_center_color": [
        -0.034822565908781314,
        -0.004185503121768863,
        0.08996885159942454
      ],
      "estimated_object_center_base": [
        -0.28744398519528475,
        0.017740639496735097,
        0.3149995669285845
      ],
      "truth_object_center_world_test_only": [
        0.2874419954255183,
        -0.01777320516477165,
        0.315
      ],
      "truth_object_center_base_test_only": [
        -0.2874419954255183,
        0.01777320516477165,
        0.315
      ],
      "error_xyz_base_m_test_only": [
        -1.9897697664528202e-06,
        -3.256566803655492e-05,
        -4.3307141550652517e-07
      ],
      "error_3d_m_test_only": 3.2629273195115966e-05
    },
    {
      "group": "random_position",
      "index": 18,
      "valid": true,
      "hsv_detected": true,
      "failure_reason": null,
      "camera_world_position": [
        0.32346310042455556,
        -0.02244528097083412,
        0.4044703078312602
      ],
      "camera_world_rotation_optical": [
        [
          0.9999109161618429,
          -0.0002438794713360446,
          -0.013345421056940882
        ],
        [
          -0.00016774100682776817,
          -0.9999837063835046,
          0.005706034565526054
        ],
        [
          -0.013346595196461478,
          -0.00570328767570167,
          -0.9998946649054339
        ]
      ],
      "estimated_object_center_color": [
        -0.03340215350253204,
        0.005513542353170799,
        0.08989416325423068
      ],
      "estimated_object_center_base": [
        -0.28886290241507684,
        0.02744019137483387,
        0.3149999732905529
      ],
      "truth_object_center_world_test_only": [
        0.28885312723518886,
        -0.027584150328383766,
        0.315
      ],
      "truth_object_center_base_test_only": [
        -0.28885312723518886,
        0.027584150328383766,
        0.315
      ],
      "error_xyz_base_m_test_only": [
        -9.775179887983043e-06,
        -0.00014395895354989488,
        -2.6709447098482997e-08
      ],
      "error_3d_m_test_only": 0.00014429045416249054
    },
    {
      "group": "random_position",
      "index": 19,
      "valid": true,
      "hsv_detected": true,
      "failure_reason": null,
      "camera_world_position": [
        0.32346310042455556,
        -0.02244528097083412,
        0.4044703078312602
      ],
      "camera_world_rotation_optical": [
        [
          0.9999109161618429,
          -0.0002438794713360446,
          -0.013345421056940882
        ],
        [
          -0.00016774100682776817,
          -0.9999837063835046,
          0.005706034565526054
        ],
        [
          -0.013346595196461478,
          -0.00570328767570167,
          -0.9998946649054339
        ]
      ],
      "estimated_object_center_color": [
        -0.016917197176598987,
        -0.0025640989342373267,
        0.08972054609987086
      ],
      "estimated_object_center_base": [
        -0.305350677162743,
        0.01936643757007064,
        0.314999623230023
      ],
      "truth_object_center_world_test_only": [
        0.30530243739911067,
        -0.019374095893490047,
        0.315
      ],
      "truth_object_center_base_test_only": [
        -0.30530243739911067,
        0.019374095893490047,
        0.315
      ],
      "error_xyz_base_m_test_only": [
        -4.823976363232951e-05,
        -7.658323419406504e-06,
        -3.76769976995206e-07
      ],
      "error_3d_m_test_only": 4.8845334152965075e-05
    }
  ],
  "multi_pose_records": [
    {
      "group": "multi_pose",
      "index": 0,
      "valid": true,
      "hsv_detected": true,
      "failure_reason": null,
      "camera_world_position": [
        0.32346310042455556,
        -0.02244528097083412,
        0.4044703078312602
      ],
      "camera_world_rotation_optical": [
        [
          0.9999109161618429,
          -0.0002438794713360446,
          -0.013345421056940882
        ],
        [
          -0.00016774100682776817,
          -0.9999837063835046,
          0.005706034565526054
        ],
        [
          -0.013346595196461478,
          -0.00570328767570167,
          -0.9998946649054339
        ]
      ],
      "estimated_object_center_color": [
        -0.019936876521662806,
        -2.949939612894701e-05,
        0.08974610159131831
      ],
      "estimated_object_center_base": [
        -0.30233030763671614,
        0.021900343465815,
        0.3149999173179988
      ],
      "truth_object_center_world_test_only": [
        0.3022707373858699,
        -0.021931351700216112,
        0.315
      ],
      "truth_object_center_base_test_only": [
        -0.3022707373858699,
        0.021931351700216112,
        0.315
      ],
      "error_xyz_base_m_test_only": [
        -5.957025084624146e-05,
        -3.100823440111214e-05,
        -8.268200119010416e-08
      ],
      "error_3d_m_test_only": 6.71575179921933e-05,
      "tcp_world_offset_m": [
        0.0,
        0.0,
        0.0
      ],
      "ik_position_residual_m": 0.0
    },
    {
      "group": "multi_pose",
      "index": 1,
      "valid": true,
      "hsv_detected": true,
      "failure_reason": null,
      "camera_world_position": [
        0.3309964375632504,
        -0.022186134901574603,
        0.40350998674879274
      ],
      "camera_world_rotation_optical": [
        [
          0.9999999795964266,
          -0.00019784892448195928,
          4.077925205807022e-05
        ],
        [
          -0.00019785413519386448,
          -0.9999999722586467,
          0.00012781410417546266
        ],
        [
          4.0753963043753875e-05,
          -0.00012782216991124814,
          -0.9999999910003027
        ]
      ],
      "estimated_object_center_color": [
        -0.02857743799904119,
        -0.00033763640196754106,
        0.08850883619398771
      ],
      "estimated_object_center_base": [
        -0.3024226762724306,
        0.02183153166708245,
        0.3150000298649232
      ],
      "truth_object_center_world_test_only": [
        0.3022707373858699,
        -0.021931351700216112,
        0.315
      ],
      "truth_object_center_base_test_only": [
        -0.3022707373858699,
        0.021931351700216112,
        0.315
      ],
      "error_xyz_base_m_test_only": [
        -0.00015193888656067633,
        -9.982003313366294e-05,
        2.986492320111722e-08
      ],
      "error_3d_m_test_only": 0.00018179511862538355,
      "tcp_world_offset_m": [
        0.008,
        0.0,
        0.0
      ],
      "ik_position_residual_m": 6.765641362691438e-05
    },
    {
      "group": "multi_pose",
      "index": 2,
      "valid": true,
      "hsv_detected": true,
      "failure_reason": null,
      "camera_world_position": [
        0.3150637462257109,
        -0.022188192557047823,
        0.4033903604765456
      ],
      "camera_world_rotation_optical": [
        [
          0.9999999734234379,
          -0.0002139537257188179,
          -8.588903807820014e-05
        ],
        [
          -0.00021396327003493572,
          -0.9999999709349214,
          -0.00011112999406095417
        ],
        [
          -8.586525890556004e-05,
          0.00011114836820694834,
          -0.9999999901365988
        ]
      ],
      "estimated_object_center_color": [
        -0.012911154128529487,
        -0.00011467033367583754,
        0.08839145973430838
      ],
      "estimated_object_center_base": [
        -0.3021450251170097,
        0.022080582656342936,
        0.3149999974882492
      ],
      "truth_object_center_world_test_only": [
        0.3022707373858699,
        -0.021931351700216112,
        0.315
      ],
      "truth_object_center_base_test_only": [
        -0.3022707373858699,
        0.021931351700216112,
        0.315
      ],
      "error_xyz_base_m_test_only": [
        0.00012571226886021192,
        0.00014923095612682374,
        -2.51175080734356e-09
      ],
      "error_3d_m_test_only": 0.00019512419843478434,
      "tcp_world_offset_m": [
        -0.008,
        0.0,
        0.0
      ],
      "ik_position_residual_m": 0.00015462602333903217
    },
    {
      "group": "multi_pose",
      "index": 3,
      "valid": true,
      "hsv_detected": true,
      "failure_reason": null,
      "camera_world_position": [
        0.32291253206447124,
        -0.014272363695705951,
        0.40352319395749925
      ],
      "camera_world_rotation_optical": [
        [
          0.9999999781859715,
          -0.00018766954162495694,
          9.169623203952977e-05
        ],
        [
          -0.00018769608384948,
          -0.9999999404697236,
          0.0002895353663341178
        ],
        [
          9.164188961134364e-05,
          -0.0002895525710418427,
          -0.999999953880535
        ]
      ],
      "estimated_object_center_color": [
        -0.020658531555170664,
        0.007588847590788626,
        0.08851909508667327
      ],
      "estimated_object_center_base": [
        -0.3022606936318805,
        0.02183170390063391,
        0.31500001239607983
      ],
      "truth_object_center_world_test_only": [
        0.3022707373858699,
        -0.021931351700216112,
        0.315
      ],
      "truth_object_center_base_test_only": [
        -0.3022707373858699,
        0.021931351700216112,
        0.315
      ],
      "error_xyz_base_m_test_only": [
        1.0043753989386062e-05,
        -9.964779958220385e-05,
        1.2396079829279927e-08
      ],
      "error_3d_m_test_only": 0.0001001526889775665,
      "tcp_world_offset_m": [
        0.0,
        0.008,
        0.0
      ],
      "ik_position_residual_m": 8.89322271967595e-05
    },
    {
      "group": "multi_pose",
      "index": 4,
      "valid": true,
      "hsv_detected": true,
      "failure_reason": null,
      "camera_world_position": [
        0.32292552148454623,
        -0.030229073529119008,
        0.403547406066155
      ],
      "camera_world_rotation_optical": [
        [
          0.999999964259341,
          -0.00022410930138853078,
          -0.00014579553367960398
        ],
        [
          -0.000224148549892645,
          -0.9999999386331496,
          -0.00026924175788231195
        ],
        [
          -0.00014573518515032766,
          0.00026927442811688917,
          -0.9999999531262679
        ]
      ],
      "estimated_object_center_color": [
        -0.020669006446658596,
        -0.008270880241802942,
        0.08854821939491264
      ],
      "estimated_object_center_base": [
        -0.3022454594229013,
        0.02197740174529843,
        0.31499997588676215
      ],
      "truth_object_center_world_test_only": [
        0.3022707373858699,
        -0.021931351700216112,
        0.315
      ],
      "truth_object_center_base_test_only": [
        -0.3022707373858699,
        0.021931351700216112,
        0.315
      ],
      "error_xyz_base_m_test_only": [
        2.5277962968583978e-05,
        4.605004508231869e-05,
        -2.4113237850897917e-08
      ],
      "error_3d_m_test_only": 5.253172989130404e-05,
      "tcp_world_offset_m": [
        0.0,
        -0.008,
        0.0
      ],
      "ik_position_residual_m": 8.570507176499151e-05
    }
  ]
}